44
-610
-686
580
464
-784
-364
477
731
947
-646
247
990
589
-363
-167
431
423
-852
-449
-938
-865
-165
830
-905
250
507
-887
761
771
-969
158
-839
-654
-262
978
-86
374
807
-355
674
-838
-756
-984
-897
234
-151
886
9
349
-563
71
836
624
-99
932
226
-591
-603
-12
-468
-572
-502
45
126
236
23
-959
-38
-169
38
-364
345
283
4
800
-131
-795
686
878
906
-876
-51
743
748
-797
-973
327
-388
-576
-333
496
204
165
-459
-669
-599
917
-628
363
100
762
-648
-555
397
708
-755
-734
914
-717
-504
820
-593
798
915
-492
-999
942
-813
-35
-282
-146
-539
923
-981
2
-746
-580
-81
-22
-865
-629
-260
-161
-184
-862
-452
413
-596
-538
697
-99
-366
-544
-301
-450
316
52
-156
503
-983
563
-643
-170
838
-624
832
-908
148
104
70
284
827
810
-877
-356
-700
-329
-591
-295
485
-894
958
-880
-85
9
22
-769
-939
866
735
-570
781
-908
260
971
-179
444
-937
969
-100
485
253
-272
648
729
724
948
-248
-515
5
-762
-408
315
-290
859
-676
-916
-910
-263
-698
-823
519
-916
-378
131
-945
443
-72
-529
412
-820
-692
18
260
956
-253
-16
-743
851
470
614
-559
-586
-70
151
-727
606
235
-285
-304
538
-107
-785
974
515
699
-619
310
-373
204
-278
-193
513
-908
-932
821
191
404
-570
43
226
-955
484
992
327
-12
-383
-67
-425
333
981
-887
-422
-803
-561
-555
896
173
755
-125
-623
-171
682
-758
-78
-898
-584
-535
859
198
860
437
595
345
782
-78
-315
-601
-792
260
-916
-811
726
14
-262
-483
459
-14
690
566
861
-580
-604
544
-338
670
998
430
-865
-791
-371
996
999
-776
693
781
499
-270
-468
707
990
-31
-752
716
983
-13
-414
795
973
-724
361
835
-304
-891
731
711
779
-919
141
-733
-357
-878
-385
-358
-301
-692
-577
-802
38
307
-743
380
-724
-495
449
-388
844
-965
-593
-830
-689
-880
-643
360
-770
-560
71
-639
-127
-436
-372
516
39
243
-842
738
903
-67
936
293
-759
-455
-326
-483
402
-525
481
247
-490
888
769
173
-639
-874
-467
-57
-82
956
656
791
-127
-715
308
912
880
818
-998
-864
-248
-710
781
-7
-165
-545
862
-763
-70
344
836
792
584
605
-34
-703
-917
851
592
1
808
249
-207
-319
886
-547
-55
766
-377
-53
-746
375
589
-964
-280
-576
-157
-65
13
-874
-369
-150
918
-433
-545
236
-135
-461
88
-543
892
-104
706
37
929
944
842
226
-937
-534
-475
-683
841
-886
-295
-86
-462
549
849
551
675
-168
-247
945
399
209
182
-384
-900
-730
74
-656
518
132
382
799
77
224
25
140
690
550
809
884
664
-485
-202
-446
-936
-1
-543
-909
831
211
-964
582
-228
570
-801
224
-808
625
568
-938
109
-50
861
-814
-473
-114
678
-783
-212
840
-547
-548
-293
251
358
-229
-398
816
214
-215
379
602
-632
-849
173
-81
375
717
-456
295
780
653
-402
641
-808
125
-120
-778
694
668
-586
-852
-527
121
751
831
-756
-294
999
458
491
378
413
-789
881
-62
482
608
-345
-974
-96
-213
-968
502
-219
-424
-21
661
-202
-327
681
213
173
-494
-314
-75
-310
-69
631
-311
-259
474
-580
-846
-962
-347
92
520
-738
-900
547
518
-113
931
372
668
-493
-649
681
657
376
363
222
-98
-779
909
827
-89
-160
810
953
581
636
-275
-912
674
378
180
195
992
280
94
510
-480
377
234
-812
884
937
870
541
666
585
-236
-432
806
25
-605
70
-783
-443
23
-850
-807
-900
-762
-780
478
771
767
823
403
213
685
923
-410
-80
-536
-526
-143
-314
-633
-125
-729
483
443
-571
-492
-810
851
-275
-253
226
-124
293
326
466
513
157
237
280
-20
-359
-507
-335
-436
435
937
380
-739
147
-934
-372
-978
-663
-536
466
119
-28
656
-30
-950
-596
-451
278
-951
875
-256
562
32
982
194
-636
-25
-961
382
891
826
319
272
-913
-534
338
-285
-511
-972
179
955
499
-496
611
-179
-94
-633
370
-816
-584
246
-72
-670
-370
262
876
347
-763
-733
-271
-519
-907
-952
753
-820
-133
91
248
356
471
-573
663
-30
283
626
792
-811
994
162
-275
-238
-240
-994
445
743
268
673
90
858
941
819
-309
-614
-781
-556
-433
86
887
815
-558
359
-406
-543
-319
-770
-916
-527
-581
-570
988
497
192
-252
503
-11
-509
123
-337
581
333
-44
752
-976
342
972
-532
909
410
-292
-924
-795
-933
23
-338
-252
253
-254
574
-976
176
562
521
-279
-338
24
-938
154
-500
-275
87
833
681
192
858
24
164
-322
285
-74
386
714
131
805
-263
794
-446
-658
-108
-520
-634
-579
-606
888
494
56
264
556
-438
764
-718
650
598
-685
-158
808
691
-642
-514
329
284
873
43
-232
678
-868
-438
-416
-526
806
416
-160
-773
810
80
721
-133
-303
278
429
-539
912
431
-589
-421
-375
-429
-729
-17
58
952
-380
283
-5
388
-39
127
-698
898
601
-540
314
-207
-312
477
874
-239
-656
-77
-609
-875
384
-345
557
-852
235
-818
-281
506
518
-871
458
-862
412
-195
878
-274
-716
-468
-24
-763
-8
-358
30
-968
-881
256
146
-185
-821
537
-59
916
-807
-150
-584
428
32
487
286
14203
